
K:
K_d =

   -0.2057   -0.9930   -6.6055   -2.1252    8.7086    2.2637
    0.0812    0.4224    6.5357    2.8051   22.2525    5.9751

K_d =

   -0.2066   -0.9927   -6.7770   -2.1761    8.5228    2.2189
    0.0822    0.4239    6.5207    2.7550   22.5611    6.0582

K_d =

   -0.2076   -0.9932   -6.9445   -2.2261    8.3402    2.1745
    0.0828    0.4237    6.4998    2.7053   22.8600    6.1386

K_d =

   -0.2087   -0.9946   -7.1079   -2.2753    8.1607    2.1307
    0.0830    0.4220    6.4734    2.6558   23.1489    6.2162

K_d =

   -0.2099   -0.9965   -7.2673   -2.3235    7.9844    2.0874
    0.0829    0.4189    6.4419    2.6064   23.4277    6.2912

K_d =

   -0.2111   -0.9988   -7.4226   -2.3708    7.8114    2.0448
    0.0826    0.4148    6.4055    2.5572   23.6962    6.3633

K_d =

   -0.2124   -1.0016   -7.5737   -2.4170    7.6417    2.0028
    0.0820    0.4098    6.3646    2.5080   23.9545    6.4327

K_d =

   -0.2136   -1.0046   -7.7208   -2.4622    7.4754    1.9616
    0.0812    0.4039    6.3197    2.4590   24.2027    6.4993


K_d =

   -0.2149   -1.0078   -7.8637   -2.5064    7.3126    1.9211
    0.0802    0.3974    6.2710    2.4101   24.4408    6.5632

K_d =

   -0.2162   -1.0112   -8.0026   -2.5495    7.1532    1.8813
    0.0791    0.3903    6.2190    2.3615   24.6691    6.6245

K_d =

   -0.2175   -1.0147   -8.1376   -2.5916    6.9973    1.8424
    0.0778    0.3826    6.1639    2.3130   24.8878    6.6832

K_d =

   -0.2188   -1.0183   -8.2686   -2.6326    6.8449    1.8042
    0.0764    0.3746    6.1062    2.2647   25.0972    6.7394

K_d =

   -0.2200   -1.0218   -8.3958   -2.6726    6.6960    1.7669
    0.0750    0.3662    6.0462    2.2168   25.2974    6.7931

K_d =

   -0.2212   -1.0254   -8.5192   -2.7116    6.5506    1.7304
    0.0734    0.3576    5.9841    2.1692   25.4889    6.8445

K_d =

   -0.2224   -1.0290   -8.6390   -2.7496    6.4087    1.6947
    0.0718    0.3487    5.9203    2.1219   25.6719    6.8936


K_d =

   -0.2236   -1.0325   -8.7552   -2.7867    6.2703    1.6599
    0.0701    0.3397    5.8550    2.0751   25.8468    6.9404

K_d =

   -0.2247   -1.0360   -8.8680   -2.8228    6.1353    1.6259
    0.0683    0.3305    5.7885    2.0287   26.0139    6.9852