Matrix6d A;
    A << 0.0, 1.0, 0.0, 0.0, 0.0, 0.0,
    0.0, 0.0, -13.9285, 0.0, 0.6373, 0.0,
    0.0, 0.0, 0.0, 1.0, 0.0, 0.0,
    0.0, 0.0, 98.2488, 0.0, 17.6903, 0.0,
    0.0, 0.0, 0.0, 0.0, 0.0, 1.0,
    0.0, 0.0, 44.9938, 0.0, 54.3689, 0.0;

    Matrix62d B;
    B << 0.0, 0.0,
    15.4595, -3.3942,
    0.0, 0.0,
    -65.5078, 39.5039,
    0.0, 0.0,
    -7.9383, 50.5446;

q_diag: [0.3, 3.0, 100.0, 40.0, 600.0, 50.0]
    r_diag: [4.0, 0.5]






x = [s; ds; phi; dphi; thll; dthll; thlr; dthlr; thb; dthb];
u = [Tlw_l; Tlw_r; Tbl_l; Tbl_r];

A_num =
[0, 1.0, 0,   0,          0,   0,          0,   0,       0,   0]
[0,   0, 0,   0,  -0.452382,   0,  -0.452382,   0,       0,   0]
[0,   0, 0, 1.0,          0,   0,          0,   0,       0,   0]
[0,   0, 0,   0,   -4.41371,   0,    4.41371,   0,       0,   0]
[0,   0, 0,   0,          0, 1.0,          0,   0,       0,   0]
[0,   0, 0,   0,    12.3453,   0, -0.0520863,   0,       0,   0]
[0,   0, 0,   0,          0,   0,          0, 1.0,       0,   0]
[0,   0, 0,   0, -0.0520863,   0,    12.3453,   0,       0,   0]
[0,   0, 0,   0,          0,   0,          0,   0,       0, 1.0]
[0,   0, 0,   0,   -7.14487,   0,   -7.14487,   0, 202.179,   0]
 
B_num =
[       0,        0,          0,          0]
[ 4.36074,  4.36074,  -0.280856,  -0.280856]
[       0,        0,          0,          0]
[-153.067,  153.067,    -2.7402,     2.7402]
[       0,        0,          0,          0]
[-7.20131, -9.79266,    7.66445, -0.0323371]
[       0,        0,          0,          0]
[-9.79266, -7.20131, -0.0323371,    7.66445]
[       0,        0,          0,          0]
[-67.1073, -67.1073,   -73.3823,   -73.3823]
 

